[gd_scene load_steps=3 format=3 uid="uid://cqjjs41qcpjev"]

[ext_resource type="Script" path="res://fps_dart.gd" id="1_hu2v6"]

[sub_resource type="CylinderShape3D" id="CylinderShape3D_j2g1n"]
height = 0.095
radius = 0.02

[node name="fps_dart" type="RigidBody3D"]
transform = Transform3D(1, 0, 0, 0, 0.995714, 0.0924913, 0, -0.0924913, 0.995714, 0, 0, 0)
script = ExtResource("1_hu2v6")

[node name="CSGCylinder3D" type="CSGCylinder3D" parent="."]
transform = Transform3D(1, 0, 0, 0, -0.421162, 0.906986, 0, -0.906986, -0.421162, 0, 0, 0)
radius = 0.02
height = 0.095
sides = 16

[node name="Timer" type="Timer" parent="."]
wait_time = 3.0

[node name="Area3D" type="Area3D" parent="."]

[node name="CollisionShape3D" type="CollisionShape3D" parent="Area3D"]
transform = Transform3D(1, 0, 0, 0, 0.430732, -0.902481, 0, 0.902481, 0.430732, 0, 0, 0)
shape = SubResource("CylinderShape3D_j2g1n")

[node name="AudioStreamPlayer3D" type="AudioStreamPlayer3D" parent="."]
transform = Transform3D(1, 0, 0, 0, -0.276828, -0.960919, 0, 0.960919, -0.276828, 0, 0, 0)
volume_db = -15.0
doppler_tracking = 2

[connection signal="timeout" from="Timer" to="." method="_on_timer_timeout"]
